DATE	CANDH	CFNAI	CFNAIDIFF	CFNAIMA3	EUANDH	KCFSI	PANDI	SOANDI	UMCSENT	USSLIND
1967-03-01	-0.04	-0.49			-0.06		-0.37	-0.02		
1967-04-01	-0.01	-0.15			-0.23		0.21	-0.11		
1967-05-01	-0.06	-0.65	-0.22	-0.43	0.11		-0.60	-0.10		
1967-06-01	0.07	-0.02	-0.20	-0.27	0.10		-0.15	-0.03		
1967-07-01	-0.07	-0.34	-0.25	-0.33	0.19		-0.28	-0.18		
1967-08-01	-0.01	1.49	0.13	0.38	0.41		0.81	0.28		
1967-09-01	0.12	-0.15	0.11	0.33	-0.06		-0.10	-0.12		
1967-10-01	-0.11	0.04	0.17	0.46	-0.03		0.27	-0.08		
1967-11-01	0.11	2.02	0.20	0.64	0.73		0.74	0.44		
1967-12-01	0.14	1.35	0.50	1.14	0.31		0.49	0.41		
1968-01-01	-0.03	-0.77	0.42	0.87	-0.49		-0.17	-0.08		
1968-02-01	0.04	0.80	0.31	0.46	0.70		0.16	-0.10		
1968-03-01	0.18	0.45	0.19	0.16	0.10		0.08	0.08		
1968-04-01	-0.02	0.42	0.33	0.55	0.41		0.04	-0.02		
1968-05-01	0.05	0.92	0.35	0.59	0.26		0.50	0.11		
1968-06-01	0.10	0.40	0.33	0.58	0.19		0.04	0.07		
1968-07-01	0.10	0.30	0.30	0.54	0.23		-0.19	0.15		
1968-08-01	0.06	0.22	0.25	0.31	0.29		0.17	-0.29		
1968-09-01	-0.05	0.59	0.30	0.37	0.26		0.06	0.33		
1968-10-01	0.10	0.86	0.47	0.56	0.38		0.15	0.24		
1968-11-01	0.12	1.20	0.55	0.88	0.40		0.59	0.08		
1968-12-01	-0.03	0.19	0.51	0.75	0.34		0.00	-0.12		
1969-01-01	0.13	0.50	0.47	0.63	0.16		0.26	-0.05		
1969-02-01	0.10	0.86	0.44	0.52	0.45		0.26	0.05		
1969-03-01	-0.04	0.78	0.57	0.71	0.34		0.36	0.11		
1969-04-01	0.06	0.10	0.48	0.58	0.21		-0.33	0.15		
1969-05-01	0.10	0.06	0.32	0.31	0.25		-0.24	-0.06		
1969-06-01	-0.03	0.71	0.25	0.29	0.38		0.35	0.00		
1969-07-01	-0.03	0.29	0.23	0.35	0.07		0.25	0.00		
1969-08-01	0.08	0.68	0.30	0.56	0.38		-0.02	0.24		
1969-09-01	0.05	-0.30	0.08	0.23	-0.31		-0.12	0.08		
1969-10-01	0.05	0.34	0.05	0.24	0.18		-0.08	0.19		
1969-11-01	-0.06	-1.08	-0.18	-0.35	-0.12		-0.62	-0.29		
1969-12-01	-0.02	-0.28	-0.18	-0.34	0.10		-0.26	-0.10		
1970-01-01	-0.04	-1.96	-0.45	-1.11	-0.48		-1.10	-0.34		
1970-02-01	0.02	-0.27	-0.38	-0.84	-0.11		-0.12	-0.06		
1970-03-01	-0.10	-0.73	-0.49	-0.99	-0.12		-0.21	-0.30		
1970-04-01	0.00	-1.15	-0.45	-0.72	-0.68		-0.26	-0.21		
1970-05-01	0.06	-0.76	-0.53	-0.88	-0.68		-0.23	0.10		
1970-06-01	0.04	-0.57	-0.50	-0.83	-0.42		-0.26	0.07		
1970-07-01	0.03	-0.01	-0.36	-0.45	-0.10		0.07	-0.02		
1970-08-01	0.02	-0.95	-0.38	-0.51	-0.50		-0.43	-0.04		
1970-09-01	0.06	-0.99	-0.38	-0.65	-0.37		-0.52	-0.16		
1970-10-01	-0.01	-2.62	-0.50	-1.52	-0.97		-1.20	-0.44		
1970-11-01	-0.09	-1.51	-0.53	-1.71	-0.57		-0.54	-0.31		
1970-12-01	0.22	2.17	-0.27	-0.65	0.41		1.06	0.48		
1971-01-01	0.24	0.68	0.06	0.45	0.07		0.26	0.11		
1971-02-01	0.10	-0.11	0.21	0.92	-0.22		-0.07	0.08		
1971-03-01	0.09	-0.18	0.00	0.13	-0.17		-0.18	0.09		
1971-04-01	0.18	0.66	0.05	0.13	0.21		0.23	0.03		
1971-05-01	0.09	0.67	0.27	0.39	0.29		0.15	0.14		
1971-06-01	0.20	0.36	0.46	0.56	-0.22		0.15	0.23		
1971-07-01	0.10	-0.12	0.22	0.30	0.02		-0.03	-0.22		
1971-08-01	0.19	-0.15	0.05	0.03	-0.07		-0.45	0.19		
1971-09-01	0.24	1.42	0.16	0.38	0.32		0.78	0.08		
1971-10-01	0.17	0.59	0.32	0.62	0.00		0.50	-0.09		
1971-11-01	0.20	0.81	0.51	0.94	0.25		0.15	0.22		
1971-12-01	0.19	1.25	0.57	0.88	0.34		0.47	0.25		
1972-01-01	0.16	2.15	0.74	1.40	0.57		1.16	0.25		
1972-02-01	0.19	0.68	0.75	1.36	0.34		0.39	-0.23		
1972-03-01	0.34	1.44	0.73	1.43	0.47		0.34	0.29		
1972-04-01	0.17	1.14	0.72	1.09	0.32		0.50	0.15		
1972-05-01	0.20	0.73	0.66	1.10	0.39		-0.02	0.16		
1972-06-01	0.19	0.82	0.59	0.90	0.44		0.12	0.08		
1972-07-01	0.21	-0.11	0.26	0.48	-0.23		0.05	-0.13		
1972-08-01	0.22	2.14	0.43	0.95	0.68		0.66	0.58		
1972-09-01	0.22	1.14	0.47	1.06	0.13		0.36	0.42		
1972-10-01	0.33	2.07	0.81	1.78	0.60		0.84	0.30		
1972-11-01	0.21	1.92	0.78	1.71	0.59		0.60	0.52		
1972-12-01	0.24	1.82	0.82	1.94	0.60		0.63	0.35		
1973-01-01	0.27	1.56	0.78	1.77	0.58		0.31	0.40		
1973-02-01	0.22	1.97	0.73	1.78	0.74		0.81	0.20		
1973-03-01	0.16	0.79	0.57	1.44	0.43		0.11	0.09		
1973-04-01	0.06	0.19	0.32	0.98	0.17		-0.10	0.07		
1973-05-01	0.14	0.71	0.24	0.56	0.20		0.29	0.07		
1973-06-01	0.12	0.46	0.21	0.45	0.33		-0.04	0.05		
1973-07-01	0.17	0.61	0.35	0.59	0.02		0.12	0.31		
1973-08-01	-0.01	-0.30	0.13	0.26	0.17		-0.21	-0.25		
1973-09-01	0.23	0.97	0.24	0.43	0.14		0.46	0.14		
1973-10-01	-0.01	1.50	0.36	0.72	0.49		0.35	0.66		
1973-11-01	0.06	1.17	0.66	1.21	0.32		0.28	0.50		
1973-12-01	-0.14	-0.45	0.45	0.74	-0.07		-0.21	-0.03		
1974-01-01	0.01	-0.39	0.13	0.11	-0.07		-0.49	0.15		
1974-02-01	-0.01	-0.31	-0.18	-0.38	0.02		-0.30	-0.03		
1974-03-01	0.04	0.08	-0.17	-0.21	-0.02		-0.08	0.13		
1974-04-01	0.07	-0.46	-0.22	-0.23	-0.16		-0.29	-0.07		
1974-05-01	0.01	0.68	-0.01	0.10	0.25		0.25	0.17		
1974-06-01	-0.02	-0.36	-0.10	-0.04	-0.18		-0.08	-0.07		
1974-07-01	0.01	-0.48	-0.13	-0.05	-0.18		-0.22	-0.08		
1974-08-01	0.02	-1.11	-0.46	-0.65	-0.30		-0.54	-0.30		
1974-09-01	-0.25	-1.12	-0.54	-0.90	-0.52		-0.18	-0.17		
1974-10-01	-0.17	-1.46	-0.61	-1.23	-0.46		-0.41	-0.42		
1974-11-01	-0.24	-3.70	-0.69	-2.10	-1.33		-1.79	-0.35		
1974-12-01	-0.18	-4.95	-0.77	-3.37	-1.75		-2.24	-0.78		
1975-01-01	0.01	-3.06	-0.83	-3.91	-1.47		-1.20	-0.40		
1975-02-01	-0.06	-3.27	-0.81	-3.76	-1.22		-1.52	-0.48		
1975-03-01	-0.23	-2.86	-0.84	-3.07	-0.91		-0.86	-0.86		
1975-04-01	-0.08	-0.65	-0.68	-2.26	-0.55		-0.03	0.01		
1975-05-01	0.16	-0.31	-0.52	-1.28	0.02		-0.14	-0.35		
1975-06-01	-0.11	-0.04	-0.24	-0.33	-0.15		0.20	0.02		
1975-07-01	-0.01	1.00	0.02	0.22	0.39		0.57	0.05		
1975-08-01	-0.03	1.05	0.29	0.67	0.68		0.34	0.07		
1975-09-01	-0.04	0.79	0.46	0.95	0.17		0.65	0.00		
1975-10-01	-0.03	0.51	0.41	0.78	0.37		0.16	0.01		
1975-11-01	0.02	0.22	0.34	0.50	0.23		0.08	-0.11		
1975-12-01	0.06	1.21	0.44	0.65	0.54		0.52	0.10		
1976-01-01	0.11	2.16	0.62	1.20	0.93		0.69	0.43		
1976-02-01	-0.02	1.29	0.77	1.56	0.62		0.51	0.19		
1976-03-01	0.04	0.57	0.67	1.34	0.36		0.01	0.16		
1976-04-01	0.07	0.62	0.54	0.83	0.22		0.26	0.07		
1976-05-01	-0.10	0.33	0.38	0.51	0.16		0.22	0.05		
1976-06-01	0.12	0.10	0.23	0.35	-0.14		-0.11	0.24		
1976-07-01	0.01	0.50	0.26	0.31	0.17		0.29	0.03		
1976-08-01	-0.01	0.43	0.32	0.34	0.14		0.22	0.07		
1976-09-01	0.05	0.50	0.43	0.48	0.28		0.06	0.11		
1976-10-01	0.06	-0.44	0.18	0.16	-0.19		-0.03	-0.28		
1976-11-01	0.09	1.39	0.26	0.48	0.42		0.62	0.26		
1976-12-01	0.21	1.43	0.47	0.79	0.31		0.46	0.44		
1977-01-01	-0.05	0.01	0.54	0.94	0.41		-0.28	-0.07		
1977-02-01	0.14	1.49	0.57	0.98	0.42		0.70	0.22		
1977-03-01	0.10	1.73	0.51	1.08	0.80		0.56	0.27		
1977-04-01	0.10	1.06	0.72	1.43	0.56		0.44	-0.04		
1977-05-01	0.08	1.12	0.69	1.31	0.54		0.40	0.10		
1977-06-01	0.08	1.09	0.69	1.09	0.45		0.37	0.19		
1977-07-01	0.17	0.65	0.60	0.96	0.43		0.03	0.02		
1977-08-01	0.08	0.46	0.51	0.73	0.28		0.01	0.08		
1977-09-01	0.11	0.84	0.41	0.65	0.60		0.07	0.07		
1977-10-01	0.19	0.64	0.46	0.65	0.30		0.10	0.05		
1977-11-01	0.14	0.83	0.45	0.77	0.57		0.00	0.11		
1977-12-01	0.11	1.27	0.55	0.91	0.53		0.32	0.30		
1978-01-01	-0.09	-1.37	0.34	0.24	0.08		-0.84	-0.52	83.7	
1978-02-01	0.20	1.36	0.46	0.42	0.45		0.29	0.42	84.3	
1978-03-01	0.21	1.95	0.50	0.65	0.70		0.87	0.17	78.8	
1978-04-01	0.21	2.60	0.85	1.97	0.98		0.79	0.62	81.6	
1978-05-01	0.11	0.59	0.70	1.71	0.43		0.03	0.02	82.9	
1978-06-01	0.16	1.32	0.69	1.50	0.71		0.36	0.11	80.0	
1978-07-01	0.03	-0.05	0.35	0.62	0.05		-0.05	-0.08	82.4	
1978-08-01	0.17	1.05	0.51	0.78	0.43		0.17	0.28	78.4	
1978-09-01	0.07	0.48	0.40	0.50	0.26		0.18	-0.03	80.4	
1978-10-01	0.12	1.16	0.68	0.90	0.51		0.32	0.21	79.3	
1978-11-01	0.14	1.16	0.66	0.93	0.57		0.33	0.11	75.0	
1978-12-01	0.16	0.82	0.68	1.05	0.25		0.31	0.11	66.1	
1979-01-01	-0.03	-0.40	0.41	0.53	0.17		-0.41	-0.14	72.1	
1979-02-01	0.05	0.37	0.31	0.26	0.25		0.15	-0.07	73.9	
1979-03-01	0.10	1.37	0.37	0.45	0.51		0.20	0.57	68.4	
1979-04-01	-0.03	-1.81	0.26	-0.02	-0.49		-0.81	-0.49	66.0	
1979-05-01	0.09	1.59	0.36	0.38	0.74		0.36	0.41	68.1	
1979-06-01	0.07	0.03	0.09	-0.06	0.27		-0.13	-0.17	65.8	
1979-07-01	0.01	-0.21	0.14	0.47	-0.09		-0.11	-0.01	60.4	
1979-08-01	0.21	-0.82	-0.22	-0.33	-0.26		-0.62	-0.15	64.5	
1979-09-01	0.08	0.02	-0.19	-0.34	0.15		0.01	-0.21	66.7	
1979-10-01	-0.02	0.02	-0.08	-0.26	0.08		0.04	-0.08	62.1	
1979-11-01	0.04	-0.45	-0.10	-0.14	-0.14		-0.20	-0.15	63.3	
1979-12-01	-0.04	-0.23	-0.19	-0.22	0.01		-0.03	-0.16	61.0	
1980-01-01	0.05	0.01	-0.17	-0.22	-0.13		-0.01	0.10	67.0	
1980-02-01	-0.16	-0.66	-0.19	-0.29	-0.13		-0.16	-0.20	66.9	
1980-03-01	-0.24	-1.46	-0.36	-0.70	-0.21		-0.50	-0.51	56.5	
1980-04-01	-0.28	-3.40	-0.70	-1.84	-1.26		-1.28	-0.57	52.7	
1980-05-01	-0.21	-3.54	-0.85	-2.80	-1.11		-1.64	-0.58	51.7	
1980-06-01	-0.01	-1.97	-0.85	-2.97	-0.75		-0.92	-0.29	58.7	
1980-07-01	0.05	-1.13	-0.69	-2.21	-0.63		-0.59	0.04	62.3	
1980-08-01	-0.01	0.44	-0.24	-0.89	0.39		0.08	-0.01	67.3	
1980-09-01	-0.02	1.32	0.17	0.21	0.23		0.67	0.44	73.7	
1980-10-01	0.13	1.52	0.59	1.09	0.37		0.68	0.34	75.0	
1980-11-01	-0.03	1.02	0.62	1.28	0.34		0.79	-0.09	76.7	
1980-12-01	0.03	0.45	0.58	0.99	0.25		0.14	0.03	64.5	
1981-01-01	0.04	-0.35	0.21	0.37	-0.04		-0.28	-0.06	71.4	
1981-02-01	-0.08	-0.64	-0.11	-0.18	-0.01		-0.46	-0.08	66.9	
1981-03-01	-0.03	-0.02	-0.22	-0.34	0.18		0.08	-0.25	66.5	
1981-04-01	-0.11	0.08	-0.05	-0.19	0.20		-0.02	0.01	72.4	
1981-05-01	-0.11	-0.09	0.11	-0.01	-0.09		0.22	-0.12	76.3	
1981-06-01	-0.05	-0.45	0.01	-0.15	-0.07		-0.22	-0.10	73.1	
1981-07-01	-0.12	0.10	-0.09	-0.15	0.14		0.11	-0.03	74.1	
1981-08-01	-0.07	-0.69	-0.35	-0.34	-0.23		-0.14	-0.25	77.2	
1981-09-01	-0.24	-1.48	-0.56	-0.69	-0.52		-0.48	-0.24	73.1	
1981-10-01	-0.26	-1.75	-0.80	-1.31	-0.56		-0.55	-0.38	70.3	
1981-11-01	-0.22	-2.01	-0.85	-1.75	-0.74		-0.77	-0.28	62.5	
1981-12-01	-0.12	-2.43	-0.86	-2.06	-0.89		-0.95	-0.47	64.3	
1982-01-01	-0.25	-2.61	-0.86	-2.35	-0.82		-1.30	-0.24	71.0	-0.79
1982-02-01	-0.05	0.77	-0.53	-1.42	-0.18		0.99	0.01	66.5	-0.53
1982-03-01	-0.19	-1.55	-0.49	-1.13	-0.61		-0.65	-0.10	62.0	-0.50
1982-04-01	-0.13	-1.67	-0.48	-0.82	-0.80		-0.53	-0.21	65.5	-0.25
1982-05-01	-0.08	-1.00	-0.69	-1.41	-0.28		-0.43	-0.21	67.5	-0.40
1982-06-01	-0.26	-1.77	-0.68	-1.48	-0.83		-0.36	-0.32	65.7	-0.74
1982-07-01	-0.02	-1.25	-0.63	-1.34	-0.71		-0.29	-0.22	65.4	-1.02
1982-08-01	-0.12	-1.63	-0.70	-1.55	-0.57		-0.57	-0.37	65.4	-0.63
1982-09-01	0.02	-1.14	-0.65	-1.34	-0.71		-0.34	-0.11	69.3	-0.18
1982-10-01	-0.03	-1.94	-0.70	-1.57	-0.83		-0.66	-0.43	73.4	0.55
1982-11-01	0.06	-1.06	-0.65	-1.38	-0.49		-0.44	-0.20	72.1	1.07
1982-12-01	-0.02	-0.79	-0.62	-1.27	-0.16		-0.45	-0.17	71.9	1.79
1983-01-01	0.00	1.51	-0.23	-0.11	0.30		0.88	0.33	70.4	1.90
1983-02-01	0.04	-0.70	-0.16	0.01	-0.24		-0.29	-0.21	74.6	2.31
1983-03-01	0.16	0.89	0.24	0.57	0.20		0.35	0.19	80.8	2.69
1983-04-01	0.04	0.99	0.27	0.39	0.40		0.55	0.00	89.1	2.92
1983-05-01	0.12	1.30	0.66	1.06	0.45		0.44	0.29	93.3	3.03
1983-06-01	0.16	1.58	0.71	1.29	0.62		0.28	0.51	92.2	3.16
1983-07-01	0.11	1.77	0.75	1.55	0.86		0.78	0.02	92.8	3.31
1983-08-01	0.04	0.36	0.65	1.24	-0.25		0.47	0.11	90.9	3.56
1983-09-01	0.09	2.67	0.67	1.60	1.40		0.87	0.31	89.9	3.21
1983-10-01	0.13	1.41	0.69	1.48	0.58		0.43	0.28	89.3	2.82
1983-11-01	0.09	1.17	0.72	1.75	0.63		0.21	0.24	91.1	2.83
1983-12-01	0.12	1.44	0.70	1.34	0.55		0.31	0.45	94.2	3.12
1984-01-01	0.16	1.94	0.74	1.52	0.70		0.91	0.16	100.1	2.91
1984-02-01	0.00	1.25	0.74	1.54	0.77		0.35	0.12	97.4	2.66
1984-03-01	0.08	0.75	0.69	1.31	0.30		0.23	0.15	101.0	2.57
1984-04-01	0.15	0.94	0.63	0.98	0.42		0.26	0.10	96.1	2.43
1984-05-01	0.11	0.92	0.65	0.87	0.48		0.10	0.23	98.1	2.28
1984-06-01	0.15	0.93	0.66	0.93	0.49		0.17	0.11	95.5	2.20
1984-07-01	-0.03	0.27	0.55	0.71	0.16		0.12	0.02	96.6	1.88
1984-08-01	0.03	0.06	0.37	0.42	0.04		-0.05	0.03	99.1	1.93
1984-09-01	0.12	0.08	0.16	0.14	0.29		-0.14	-0.18	100.9	1.91
1984-10-01	0.00	0.26	0.15	0.13	0.21		-0.02	0.07	96.3	1.91
1984-11-01	0.20	0.69	0.30	0.35	0.33		0.09	0.07	95.7	1.84
1984-12-01	0.03	0.15	0.37	0.37	0.11		0.02	-0.01	92.9	1.60
1985-01-01	0.13	-0.18	0.19	0.22	0.07		-0.31	-0.08	96.0	1.62
1985-02-01	0.07	-0.01	0.00	-0.02	0.03		-0.06	-0.05	93.7	1.57
1985-03-01	0.06	0.53	0.03	0.11	0.32		0.09	0.06	93.7	1.66
1985-04-01	0.11	-0.41	0.00	0.04	-0.07		-0.31	-0.14	94.6	1.76
1985-05-01	0.15	0.49	0.08	0.20	0.20		0.00	0.14	91.8	1.73
1985-06-01	-0.01	-0.62	-0.12	-0.18	-0.15		-0.09	-0.37	96.5	1.73
1985-07-01	0.10	-0.40	-0.13	-0.18	0.02		-0.48	-0.04	94.0	2.02
1985-08-01	0.17	0.72	-0.02	-0.10	0.16		0.12	0.27	92.4	1.97
1985-09-01	0.22	0.32	0.10	0.21	0.15		0.08	-0.12	92.1	1.92
1985-10-01	-0.13	-0.39	0.16	0.22	0.09		-0.26	-0.09	88.4	1.96
1985-11-01	0.07	0.48	0.14	0.14	0.16		0.16	0.09	90.9	1.86
1985-12-01	0.19	0.42	0.22	0.17	0.07		0.29	-0.12	93.9	1.52
1986-01-01	0.11	0.75	0.39	0.55	0.14		0.29	0.22	95.6	1.37
1986-02-01	0.04	-0.81	0.05	0.12	-0.28		-0.44	-0.13	95.9	1.34
1986-03-01	0.11	-0.25	-0.17	-0.10	0.00		-0.28	-0.08	95.1	1.38
1986-04-01	0.17	0.55	-0.16	-0.17	0.06		0.01	0.31	96.2	1.36
1986-05-01	0.14	-0.18	0.04	0.04	-0.03		0.02	-0.31	94.8	1.40
1986-06-01	0.05	-0.26	0.07	0.04	-0.17		-0.24	0.11	99.3	1.51
1986-07-01	0.13	0.55	0.06	0.04	0.25		0.16	0.01	97.7	1.57
1986-08-01	0.12	0.01	0.05	0.10	0.05		-0.06	-0.10	94.9	1.52
1986-09-01	0.33	0.68	0.20	0.41	0.14		-0.02	0.23	91.9	1.73
1986-10-01	-0.16	-0.17	0.12	0.17	0.02		0.11	-0.14	95.6	1.88
1986-11-01	0.00	0.14	0.20	0.22	0.14		0.12	-0.11	91.4	1.80
1986-12-01	0.34	1.07	0.32	0.35	0.18		0.33	0.22	89.1	2.01
1987-01-01	-0.29	-0.90	0.19	0.10	0.03		-0.25	-0.39	90.4	1.99
1987-02-01	0.32	1.81	0.41	0.66	0.31		0.60	0.58	90.2	2.19
1987-03-01	0.08	0.28	0.28	0.40	0.21		-0.04	0.03	90.8	1.92
1987-04-01	0.08	0.48	0.51	0.86	0.31		0.17	-0.08	92.8	1.93
1987-05-01	0.03	0.70	0.42	0.49	0.29		0.38	0.00	91.1	1.84
1987-06-01	0.08	0.35	0.57	0.51	0.07		0.11	0.09	91.5	2.07
1987-07-01	0.07	0.93	0.69	0.66	0.37		0.33	0.16	93.7	2.01
1987-08-01	0.12	0.48	0.64	0.59	0.21		0.34	-0.20	94.4	1.96
1987-09-01	-0.03	0.62	0.59	0.68	0.21		0.14	0.30	93.6	2.03
1987-10-01	0.00	1.23	0.53	0.78	0.40		0.76	0.08	89.3	1.89
1987-11-01	0.05	0.50	0.56	0.78	0.25		0.23	-0.03	83.1	1.95
1987-12-01	0.08	0.74	0.61	0.82	0.20		0.28	0.17	86.8	1.87
1988-01-01	0.03	-0.19	0.35	0.35	-0.02		-0.11	-0.08	90.8	1.98
1988-02-01	0.03	0.76	0.39	0.44	0.39		0.12	0.22	91.6	2.00
1988-03-01	0.12	0.54	0.34	0.37	0.14		0.07	0.21	94.6	1.95
1988-04-01	-0.04	0.50	0.55	0.60	0.31		0.28	-0.06	91.2	1.61
1988-05-01	0.06	-0.04	0.38	0.33	0.02		-0.16	0.04	94.8	1.75
1988-06-01	0.04	0.74	0.39	0.40	0.36		0.08	0.26	94.7	1.55
1988-07-01	0.02	0.06	0.25	0.25	0.14		-0.03	-0.07	93.4	1.76
1988-08-01	0.06	0.02	0.19	0.27	-0.14		0.10	0.01	97.4	2.15
1988-09-01	-0.04	0.18	0.07	0.09	0.20		-0.10	0.11	97.3	2.09
1988-10-01	0.12	0.68	0.31	0.29	0.26		0.23	0.07	94.1	1.88
1988-11-01	0.06	0.37	0.43	0.41	0.21		0.02	0.08	93.0	1.91
1988-12-01	0.07	0.81	0.56	0.62	0.22		0.20	0.32	91.9	1.77
1989-01-01	0.05	0.43	0.48	0.54	0.20		0.19	-0.01	97.9	1.53
1989-02-01	-0.06	-0.44	0.30	0.27	0.16		-0.37	-0.17	95.4	1.43
1989-03-01	-0.02	-0.14	0.07	-0.05	0.10		-0.04	-0.17	94.3	1.40
1989-04-01	0.04	0.11	-0.03	-0.15	0.00		-0.05	0.12	91.5	1.20
1989-05-01	-0.03	-0.89	-0.18	-0.31	-0.09		-0.60	-0.17	90.7	1.05
1989-06-01	-0.01	-0.25	-0.26	-0.34	-0.08		-0.04	-0.12	90.6	1.11
1989-07-01	0.02	-1.12	-0.50	-0.76	-0.10		-0.74	-0.31	92.0	1.13
1989-08-01	0.08	0.59	-0.21	-0.26	-0.13		0.32	0.31	89.6	1.15
1989-09-01	-0.06	-0.66	-0.31	-0.40	-0.10		-0.28	-0.22	95.8	0.99
1989-10-01	-0.06	-0.53	-0.22	-0.20	-0.03		-0.22	-0.22	93.9	1.00
1989-11-01	-0.01	0.24	-0.20	-0.32	0.09		0.01	0.15	90.9	0.95
1989-12-01	0.02	-0.03	-0.02	-0.11	-0.10		0.08	-0.02	90.5	1.29
1990-01-01	0.10	-0.39	0.01	-0.06	0.30		-0.41	-0.39	93.0	1.33
1990-02-01	-0.08	0.79	0.03	0.12	0.13	0.08	0.46	0.28	89.5	1.02
1990-03-01	-0.02	0.22	0.09	0.20	-0.04	-0.04	0.15	0.12	91.3	0.75
1990-04-01	-0.06	-0.93	-0.08	0.02	-0.34	0.14	-0.19	-0.34	93.9	0.77
1990-05-01	-0.08	-0.16	-0.27	-0.29	-0.17	-0.10	-0.06	0.15	90.6	0.60
1990-06-01	-0.04	-0.14	-0.36	-0.41	-0.09	-0.09	0.05	-0.05	88.3	0.16
1990-07-01	-0.06	-0.86	-0.36	-0.39	-0.40	-0.20	-0.20	-0.20	88.2	-0.11
1990-08-01	-0.10	-0.56	-0.42	-0.52	-0.46	0.12	-0.10	0.09	76.4	-0.25
1990-09-01	-0.12	-1.03	-0.57	-0.82	-0.38	0.52	-0.08	-0.45	72.8	-0.51
1990-10-01	-0.18	-1.52	-0.59	-1.04	-0.51	0.74	-0.67	-0.16	63.9	-0.50
1990-11-01	-0.10	-2.03	-0.74	-1.53	-0.70	0.72	-0.79	-0.44	66.0	-0.35
1990-12-01	-0.21	-1.37	-0.81	-1.64	-0.33	0.93	-0.56	-0.28	65.5	-0.75
1991-01-01	-0.32	-1.61	-0.80	-1.67	-0.50	0.90	-0.56	-0.23	66.8	-0.78
1991-02-01	-0.05	-1.52	-0.75	-1.50	-0.81	0.76	-0.54	-0.11	70.4	-0.30
1991-03-01	-0.03	-1.45	-0.76	-1.53	-0.55	0.21	-0.50	-0.37	87.7	0.35
1991-04-01	-0.16	-0.22	-0.54	-1.06	-0.35	0.08	-0.02	0.31	81.8	0.40
1991-05-01	-0.10	-0.31	-0.35	-0.66	-0.52	-0.11	0.26	0.04	78.3	0.95
1991-06-01	-0.11	0.12	-0.10	-0.14	-0.01	0.05	0.42	-0.18	82.1	0.82
1991-07-01	-0.06	-0.17	-0.12	-0.12	-0.28	-0.10	-0.11	0.28	82.9	0.97
1991-08-01	-0.15	-0.46	-0.23	-0.17	-0.18	-0.15	0.03	-0.16	82.0	0.78
1991-09-01	-0.11	0.38	-0.14	-0.08	-0.04	-0.23	0.44	0.09	83.0	0.66
1991-10-01	-0.16	-0.68	-0.28	-0.25	-0.30	-0.24	-0.22	0.00	78.3	0.72
1991-11-01	-0.07	-0.62	-0.35	-0.31	-0.29	-0.14	-0.16	-0.10	69.1	0.79
1991-12-01	-0.08	-1.08	-0.66	-0.79	-0.30	0.02	-0.28	-0.43	68.2	0.77
1992-01-01	0.10	-0.38	-0.58	-0.69	-0.22	0.05	-0.48	0.22	67.5	1.13
1992-02-01	-0.04	0.01	-0.35	-0.48	-0.29	-0.17	0.36	-0.03	68.8	1.13
1992-03-01	-0.06	0.56	-0.02	0.06	0.01	-0.47	0.44	0.17	76.0	1.24
1992-04-01	-0.08	0.29	0.22	0.28	0.03	-0.40	0.23	0.11	77.2	1.24
1992-05-01	-0.02	-0.11	0.24	0.25	-0.07	-0.66	0.22	-0.23	79.2	1.06
1992-06-01	-0.06	-0.10	0.08	0.03	-0.16	-0.66	-0.08	0.20	80.4	1.28
1992-07-01	-0.05	0.42	0.01	0.07	-0.11	-0.42	0.36	0.21	76.6	1.30
1992-08-01	-0.04	-0.71	-0.18	-0.13	-0.01	-0.51	-0.29	-0.37	76.1	1.45
1992-09-01	0.00	-0.08	-0.17	-0.12	-0.14	-0.44	-0.09	0.15	75.6	1.62
1992-10-01	-0.01	0.32	-0.15	-0.16	0.13	-0.17	0.25	-0.04	73.3	1.86
1992-11-01	-0.06	0.17	0.16	0.14	0.10	-0.31	0.11	0.01	85.3	1.88
1992-12-01	0.02	0.47	0.32	0.32	0.08	-0.50	0.07	0.29	91.0	2.07
1993-01-01	-0.06	0.39	0.37	0.34	0.28	-0.45	0.15	0.01	89.3	1.53
1993-02-01	-0.07	0.26	0.30	0.37	0.22	-0.56	0.08	0.03	86.6	1.57
1993-03-01	-0.15	-0.63	0.07	0.01	-0.22	-0.39	-0.14	-0.11	85.9	1.60
1993-04-01	0.05	0.33	-0.02	-0.01	0.20	-0.39	0.10	-0.02	85.6	1.81
1993-05-01	-0.01	-0.10	-0.10	-0.13	0.19	-0.48	-0.24	-0.03	80.3	1.64
1993-06-01	-0.02	-0.04	-0.02	0.07	-0.01	-0.70	-0.14	0.14	81.5	1.70
1993-07-01	0.02	0.01	-0.02	-0.04	0.17	-0.74	0.04	-0.21	77.0	1.54
1993-08-01	-0.04	0.00	0.01	-0.01	0.16	-0.84	-0.15	0.03	77.3	1.78
1993-09-01	0.03	0.47	0.23	0.16	0.12	-0.72	0.17	0.14	77.9	2.37
1993-10-01	0.00	0.51	0.34	0.33	0.19	-0.56	0.28	0.05	82.7	2.13
1993-11-01	0.02	0.46	0.52	0.48	0.27	-0.63	0.12	0.05	81.2	2.30
1993-12-01	0.05	0.65	0.58	0.54	0.24	-0.89	0.35	0.00	88.2	2.40
1994-01-01	-0.04	0.16	0.53	0.43	0.16	-0.93	-0.04	0.08	94.3	2.22
1994-02-01	0.07	0.24	0.42	0.35	0.09	-0.87	-0.03	0.11	93.2	2.39
1994-03-01	0.05	1.32	0.44	0.57	0.46	-0.81	0.53	0.28	91.5	2.35
1994-04-01	0.03	0.46	0.47	0.67	0.27	-0.70	0.26	-0.10	92.6	2.31
1994-05-01	-0.02	0.78	0.63	0.85	0.39	-0.90	0.28	0.12	92.8	2.19
1994-06-01	0.05	0.63	0.59	0.62	0.16	-0.87	0.21	0.21	91.2	2.20
1994-07-01	-0.02	0.21	0.46	0.54	0.25	-0.96	0.05	-0.07	89.0	2.04
1994-08-01	0.07	1.01	0.44	0.62	0.22	-1.04	0.27	0.45	91.7	2.23
1994-09-01	0.02	0.36	0.35	0.53	0.30	-0.94	0.12	-0.09	91.5	2.19
1994-10-01	0.06	0.88	0.59	0.75	0.23	-0.76	0.45	0.14	92.7	2.08
1994-11-01	0.01	0.81	0.57	0.68	0.35	-0.76	0.25	0.20	91.6	1.82
1994-12-01	0.02	0.87	0.73	0.85	0.22	-0.58	0.43	0.20	95.1	1.53
1995-01-01	-0.01	0.24	0.58	0.64	0.12	-0.63	0.05	0.08	97.6	1.33
1995-02-01	-0.09	-0.21	0.32	0.30	0.05	-0.84	-0.13	-0.05	95.1	0.86
1995-03-01	0.01	-0.09	0.03	-0.02	-0.01	-0.84	-0.02	-0.08	90.3	0.92
1995-04-01	-0.06	-0.60	-0.23	-0.30	-0.18	-0.75	-0.18	-0.19	92.5	0.86
1995-05-01	0.05	-0.25	-0.21	-0.31	-0.30	-0.91	-0.03	0.03	89.8	1.18
1995-06-01	0.06	0.29	-0.07	-0.19	0.10	-0.69	0.08	0.05	92.7	1.12
1995-07-01	-0.04	-0.74	-0.09	-0.23	-0.05	-0.75	-0.38	-0.28	94.4	1.40
1995-08-01	0.04	0.95	0.09	0.17	0.12	-0.82	0.47	0.32	96.2	1.29
1995-09-01	0.00	0.19	0.06	0.13	0.12	-0.75	0.14	-0.07	88.9	1.22
1995-10-01	-0.06	-0.35	0.07	0.26	0.04	-0.64	-0.26	-0.07	90.2	0.96
1995-11-01	0.09	-0.10	-0.05	-0.09	-0.14	-0.75	-0.07	0.02	88.2	0.80
1995-12-01	0.05	0.04	-0.07	-0.14	-0.02	-0.70	0.00	0.01	91.0	1.36
1996-01-01	-0.08	-1.24	-0.14	-0.43	-0.30	-0.68	-0.58	-0.29	89.3	1.53
1996-02-01	0.10	1.08	0.00	-0.04	0.39	-0.69	0.62	-0.03	88.5	1.73
1996-03-01	0.04	-0.25	-0.07	-0.14	0.02	-0.74	-0.26	-0.04	93.7	2.02
1996-04-01	0.04	0.49	0.24	0.44	0.01	-0.77	0.35	0.08	92.7	2.05
1996-05-01	0.03	0.56	0.26	0.27	0.22	-0.91	0.24	0.08	89.4	1.80
1996-06-01	0.01	0.65	0.44	0.57	0.35	-0.88	0.39	-0.10	92.4	1.52
1996-07-01	0.02	-0.05	0.38	0.39	0.04	-0.81	-0.20	0.09	94.7	1.67
1996-08-01	0.04	0.39	0.37	0.33	0.21	-0.89	0.17	-0.02	95.3	1.48
1996-09-01	0.03	0.38	0.34	0.24	0.06	-0.91	0.26	0.02	94.7	1.58
1996-10-01	0.03	0.01	0.35	0.26	0.11	-0.92	-0.19	0.07	96.5	1.81
1996-11-01	0.02	0.62	0.39	0.34	0.14	-0.80	0.35	0.11	99.2	1.92
1996-12-01	0.02	0.10	0.34	0.24	0.04	-0.69	0.26	-0.22	96.9	1.75
1997-01-01	0.04	0.28	0.38	0.33	0.11	-0.77	-0.04	0.17	97.4	2.04
1997-02-01	0.03	1.04	0.41	0.47	0.23	-0.78	0.52	0.26	99.7	2.09
1997-03-01	0.03	0.51	0.50	0.61	0.26	-0.68	0.33	-0.11	100.0	1.71
1997-04-01	-0.01	0.14	0.48	0.57	0.16	-0.69	-0.16	0.16	101.4	1.57
1997-05-01	-0.01	0.42	0.41	0.36	0.18	-0.70	0.28	-0.03	103.2	1.64
1997-06-01	0.08	0.50	0.44	0.35	0.07	-0.60	0.16	0.20	104.5	1.90
1997-07-01	0.10	0.87	0.63	0.60	0.21	-0.65	0.38	0.18	107.1	2.05
1997-08-01	0.04	0.38	0.61	0.58	-0.01	-0.63	0.46	-0.10	104.4	2.08
1997-09-01	0.02	0.88	0.66	0.71	0.36	-0.48	0.32	0.19	106.0	2.12
1997-10-01	0.04	0.68	0.59	0.65	0.25	-0.42	0.42	-0.03	105.6	2.23
1997-11-01	0.06	0.94	0.70	0.83	0.32	-0.06	0.38	0.18	107.2	1.78
1997-12-01	0.07	0.05	0.51	0.56	0.07	-0.14	0.05	-0.13	102.1	1.53
1998-01-01	0.02	0.48	0.47	0.49	0.20	-0.14	0.23	0.03	106.6	1.46
1998-02-01	0.09	0.38	0.32	0.30	0.08	-0.36	-0.08	0.28	110.4	1.59
1998-03-01	0.08	0.02	0.26	0.29	-0.03	-0.31	-0.08	0.04	106.5	1.58
1998-04-01	0.09	0.37	0.25	0.26	0.20	-0.23	0.11	-0.03	108.7	1.57
1998-05-01	0.08	0.37	0.26	0.25	0.16	-0.38	0.14	-0.02	106.5	1.24
1998-06-01	0.10	-0.65	0.13	0.03	-0.07	-0.24	-0.46	-0.23	105.6	1.44
1998-07-01	0.02	-0.68	-0.16	-0.32	-0.20	-0.14	-0.37	-0.13	105.2	1.57
1998-08-01	0.05	1.51	-0.15	0.06	0.26	0.32	0.98	0.21	104.4	1.57
1998-09-01	0.11	-0.12	0.02	0.24	0.03	0.77	-0.32	0.06	100.9	1.52
1998-10-01	0.12	0.37	0.28	0.59	-0.04	1.27	0.25	0.04	97.4	1.54
1998-11-01	0.08	0.12	0.17	0.12	0.16	0.61	-0.14	0.02	102.7	1.64
1998-12-01	0.15	0.27	0.23	0.25	0.11	0.71	0.01	0.00	100.5	1.56
1999-01-01	0.04	0.18	0.11	0.19	0.05	0.73	0.11	-0.03	103.9	1.64
1999-02-01	0.11	0.60	0.26	0.35	0.07	0.71	0.18	0.23	108.1	1.75
1999-03-01	0.10	-0.12	0.07	0.22	-0.06	0.48	-0.10	-0.06	105.7	1.81
1999-04-01	0.06	0.01	0.04	0.16	0.05	0.42	-0.02	-0.07	104.6	1.51
1999-05-01	0.09	0.76	0.13	0.22	0.12	0.28	0.33	0.22	106.8	1.66
1999-06-01	0.07	-0.17	0.19	0.20	-0.03	0.04	-0.19	-0.03	107.3	1.64
1999-07-01	0.07	0.31	0.32	0.30	0.10	0.23	0.13	0.01	106.0	1.58
1999-08-01	0.10	0.41	0.21	0.18	0.04	0.39	0.18	0.09	104.5	1.45
1999-09-01	0.06	-0.24	0.20	0.16	-0.01	0.55	-0.26	-0.03	107.2	1.53
1999-10-01	0.04	1.15	0.37	0.44	0.24	0.65	0.67	0.21	103.2	1.60
1999-11-01	0.10	0.52	0.41	0.48	0.15	0.42	0.21	0.06	107.2	1.87
1999-12-01	0.19	0.80	0.67	0.82	0.16	0.37	0.35	0.09	105.4	2.16
2000-01-01	-0.03	0.42	0.52	0.58	0.32	0.52	-0.06	0.19	112.0	1.53
2000-02-01	0.15	-0.29	0.34	0.31	-0.06	0.28	0.11	-0.49	111.3	1.46
2000-03-01	0.08	0.66	0.33	0.26	0.19	0.65	0.17	0.23	107.1	1.51
2000-04-01	-0.02	0.71	0.44	0.36	0.22	1.02	0.30	0.21	109.2	1.37
2000-05-01	0.06	-0.65	0.38	0.24	-0.45	1.06	-0.06	-0.19	110.7	1.29
2000-06-01	0.03	0.14	0.18	0.07	0.00	1.07	-0.08	0.18	106.4	1.06
2000-07-01	0.00	-0.33	-0.08	-0.28	0.00	0.67	-0.12	-0.21	108.3	0.68
2000-08-01	0.07	-0.64	-0.16	-0.28	-0.28	0.40	-0.36	-0.07	107.3	0.97
2000-09-01	0.09	0.39	-0.08	-0.20	0.08	0.64	0.08	0.14	106.8	0.63
2000-10-01	0.01	-0.69	-0.21	-0.31	-0.12	0.86	-0.34	-0.24	105.8	0.26
2000-11-01	0.01	-0.47	-0.18	-0.26	-0.08	0.87	-0.21	-0.18	107.6	-0.05
2000-12-01	0.04	-0.44	-0.37	-0.53	-0.10	1.07	-0.39	0.01	98.4	-0.37
2001-01-01	0.03	-1.18	-0.42	-0.70	-0.35	1.00	-0.51	-0.35	94.7	0.09
2001-02-01	0.02	-0.93	-0.45	-0.85	-0.36	0.55	-0.53	-0.05	90.6	-0.01
2001-03-01	-0.01	-1.08	-0.58	-1.06	-0.38	0.82	-0.33	-0.35	91.5	-0.04
2001-04-01	0.07	-1.40	-0.60	-1.13	-0.72	0.76	-0.37	-0.39	88.4	-0.17
2001-05-01	0.04	-0.91	-0.61	-1.13	-0.48	0.29	-0.58	0.11	92.0	-0.22
2001-06-01	0.00	-1.53	-0.67	-1.28	-0.61	0.39	-0.52	-0.40	92.6	-0.13
2001-07-01	0.05	-0.87	-0.63	-1.10	-0.45	0.20	-0.40	-0.08	92.4	-0.38
2001-08-01	0.08	-0.95	-0.58	-1.12	-0.78	0.22	-0.30	0.05	91.5	-0.58
2001-09-01	-0.13	-1.47	-0.54	-1.10	-0.52	0.94	-0.33	-0.49	81.8	-0.41
2001-10-01	0.36	-1.10	-0.51	-1.17	-0.97	0.85	-0.51	0.02	82.7	-0.11
2001-11-01	-0.06	-1.30	-0.60	-1.29	-0.69	0.43	-0.39	-0.16	83.9	0.07
2001-12-01	-0.02	-0.52	-0.41	-0.97	-0.45	0.35	-0.07	0.01	88.8	-0.01
2002-01-01	0.06	-0.25	-0.27	-0.69	-0.50	0.23	0.16	0.03	93.0	0.50
2002-02-01	0.09	-0.28	-0.12	-0.35	-0.24	0.25	-0.13	0.00	90.7	0.61
2002-03-01	0.00	-0.16	-0.10	-0.23	-0.30	0.20	0.28	-0.15	95.7	0.90
2002-04-01	0.07	-0.01	-0.10	-0.15	-0.36	0.13	0.06	0.22	93.0	0.96
2002-05-01	-0.02	0.02	0.01	-0.05	-0.22	0.02	0.16	0.10	96.9	0.79
2002-06-01	0.10	0.40	0.11	0.13	-0.10	0.31	0.43	-0.04	92.4	0.38
2002-07-01	0.09	-0.57	-0.02	-0.05	-0.32	0.66	-0.28	-0.06	88.1	0.72
2002-08-01	0.04	-0.23	-0.12	-0.14	-0.27	0.53	-0.09	0.09	87.6	0.67
2002-09-01	-0.03	-0.40	-0.32	-0.40	-0.15	0.86	-0.06	-0.16	86.1	0.62
2002-10-01	0.06	-0.60	-0.35	-0.41	-0.26	1.04	-0.26	-0.14	80.6	0.54
2002-11-01	0.07	-0.05	-0.31	-0.35	-0.32	0.65	0.12	0.07	84.2	0.35
2002-12-01	0.12	-0.94	-0.36	-0.53	-0.43	0.37	-0.38	-0.25	86.7	0.09
2003-01-01	0.06	0.43	-0.12	-0.19	0.07	0.28	0.19	0.11	82.4	0.32
2003-02-01	-0.07	-0.66	-0.26	-0.39	-0.42	0.19	-0.03	-0.14	79.9	0.30
2003-03-01	0.11	-0.49	-0.17	-0.24	-0.47	0.24	-0.15	0.02	77.6	0.25
2003-04-01	0.09	-1.06	-0.44	-0.73	-0.38	0.06	-0.56	-0.20	86.0	0.53
2003-05-01	0.08	-0.16	-0.38	-0.57	-0.26	-0.21	-0.04	0.07	92.1	0.46
2003-06-01	0.13	-0.06	-0.31	-0.42	-0.25	-0.17	-0.02	0.08	89.7	0.48
2003-07-01	0.11	0.14	-0.07	-0.02	-0.26	-0.24	0.17	0.12	90.9	1.23
2003-08-01	0.15	-0.45	-0.13	-0.12	-0.14	-0.37	-0.24	-0.21	89.3	1.68
2003-09-01	0.01	0.43	0.00	0.04	-0.04	-0.48	0.24	0.21	87.7	1.54
2003-10-01	0.08	0.14	-0.05	0.04	0.03	-0.42	-0.04	0.07	89.6	1.54
2003-11-01	0.16	0.65	0.23	0.41	0.05	-0.44	0.43	0.00	93.7	1.75
2003-12-01	0.07	0.01	0.01	0.27	0.01	-0.57	-0.08	0.00	92.6	1.96
2004-01-01	0.09	0.13	0.02	0.26	0.04	-0.54	0.08	-0.09	103.8	1.55
2004-02-01	0.07	0.43	-0.01	0.19	-0.04	-0.67	0.26	0.15	94.4	1.36
2004-03-01	0.15	0.58	0.21	0.38	0.09	-0.71	-0.20	0.55	95.8	1.48
2004-04-01	0.05	0.25	0.30	0.42	0.16	-0.53	0.19	-0.15	94.2	1.34
2004-05-01	0.15	0.79	0.36	0.54	0.25	-0.55	0.37	0.01	90.2	1.25
2004-06-01	-0.03	-0.39	0.21	0.21	-0.06	-0.70	-0.42	0.11	95.6	1.25
2004-07-01	0.16	0.62	0.27	0.34	0.02	-0.60	0.39	0.04	96.7	1.26
2004-08-01	0.10	0.28	0.17	0.17	-0.03	-0.65	0.05	0.15	95.9	0.98
2004-09-01	0.16	0.15	0.23	0.35	0.04	-0.61	-0.03	-0.01	94.2	1.12
2004-10-01	0.09	0.67	0.25	0.37	0.14	-0.50	0.43	0.00	91.7	1.31
2004-11-01	0.05	0.01	0.16	0.28	-0.11	-0.62	-0.08	0.15	92.8	1.40
2004-12-01	0.16	0.88	0.34	0.52	0.07	-0.71	0.39	0.25	97.1	1.21
2005-01-01	0.08	0.31	0.22	0.40	-0.01	-0.71	0.12	0.12	95.5	1.24
2005-02-01	0.14	0.53	0.37	0.58	0.14	-0.86	0.26	-0.01	94.1	1.07
2005-03-01	0.07	-0.31	0.10	0.18	-0.02	-0.79	-0.20	-0.16	92.6	1.17
2005-04-01	0.17	0.70	0.19	0.31	0.28	-0.46	0.01	0.24	87.7	0.91
2005-05-01	0.02	0.01	0.03	0.14	-0.02	-0.58	0.05	-0.04	86.9	1.02
2005-06-01	0.23	0.47	0.25	0.40	0.12	-0.58	0.06	0.07	96.0	1.44
2005-07-01	0.15	-0.01	0.15	0.16	0.19	-0.59	-0.18	-0.18	96.5	1.76
2005-08-01	0.01	0.26	0.30	0.24	0.05	-0.76	0.02	0.18	89.1	1.78
2005-09-01	0.02	-0.90	0.07	-0.22	-0.19	-0.55	-0.72	-0.02	76.9	1.55
2005-10-01	0.12	0.92	0.17	0.09	0.13	-0.42	0.65	0.02	74.2	1.53
2005-11-01	0.20	0.88	0.24	0.30	0.16	-0.51	0.34	0.18	81.6	1.47
2005-12-01	0.11	0.44	0.46	0.75	0.05	-0.52	0.14	0.14	91.5	1.56
2006-01-01	0.19	0.59	0.50	0.64	0.29	-0.55	0.16	-0.04	91.2	1.38
2006-02-01	0.10	0.20	0.37	0.41	0.13	-0.65	-0.10	0.07	86.7	1.56
2006-03-01	0.09	0.32	0.37	0.37	0.13	-0.64	0.04	0.06	88.9	1.43
2006-04-01	0.07	-0.09	0.23	0.14	0.00	-0.46	0.12	-0.28	87.4	1.27
2006-05-01	0.05	-0.16	0.10	0.02	-0.15	-0.67	-0.24	0.19	79.1	1.05
2006-06-01	0.05	0.03	0.04	-0.07	-0.03	-0.45	0.09	-0.08	84.9	1.03
2006-07-01	0.07	-0.34	-0.07	-0.16	-0.12	-0.52	-0.17	-0.12	84.7	0.94
2006-08-01	-0.01	0.23	0.08	-0.03	0.00	-0.71	0.14	0.11	82.0	0.78
2006-09-01	0.06	-0.14	-0.07	-0.08	-0.02	-0.65	-0.13	-0.05	85.4	0.82
2006-10-01	0.04	-0.35	-0.14	-0.08	-0.11	-0.76	-0.16	-0.11	93.6	0.90
2006-11-01	0.01	-0.19	-0.32	-0.22	-0.06	-0.85	-0.14	0.00	92.1	1.15
2006-12-01	0.07	0.86	-0.05	0.11	0.07	-0.67	0.49	0.23	91.7	0.78
2007-01-01	-0.04	-0.75	-0.07	-0.03	-0.06	-0.72	-0.44	-0.22	96.9	1.08
2007-02-01	-0.02	0.27	0.06	0.13	-0.15	-0.80	0.35	0.09	91.3	0.93
2007-03-01	-0.01	0.20	-0.05	-0.09	0.16	-0.57	0.09	-0.03	88.4	0.95
2007-04-01	-0.03	-0.17	0.13	0.10	-0.40	-0.46	0.26	-0.01	87.1	0.88
2007-05-01	0.00	0.00	0.03	0.01	0.08	-0.54	-0.14	0.06	88.3	0.96
2007-06-01	-0.06	-0.25	-0.10	-0.14	-0.09	-0.59	-0.03	-0.06	85.3	0.74
2007-07-01	-0.03	-0.43	-0.26	-0.23	-0.28	-0.31	-0.07	-0.05	90.4	0.75
2007-08-01	-0.03	-0.36	-0.35	-0.35	-0.32	0.65	-0.17	0.15	83.4	0.56
2007-09-01	-0.07	-0.18	-0.32	-0.32	-0.14	0.41	0.13	-0.10	83.4	0.17
2007-10-01	-0.09	-0.70	-0.38	-0.41	-0.27	0.31	-0.41	0.06	80.9	0.40
2007-11-01	-0.06	-0.08	-0.30	-0.32	-0.04	0.89	0.11	-0.08	76.1	0.21
2007-12-01	-0.16	-0.64	-0.45	-0.47	-0.26	1.05	-0.11	-0.11	75.5	0.26
2008-01-01	-0.14	-0.53	-0.47	-0.42	-0.18	1.31	-0.25	0.03	78.4	0.13
2008-02-01	-0.18	-1.18	-0.70	-0.78	-0.30	1.09	-0.35	-0.35	70.8	0.17
2008-03-01	-0.13	-1.27	-0.79	-0.99	-0.41	1.72	-0.34	-0.39	69.5	-0.23
2008-04-01	-0.12	-1.10	-0.77	-1.18	-0.47	1.54	-0.63	0.12	62.6	-0.47
2008-05-01	-0.16	-1.27	-0.78	-1.21	-0.51	0.97	-0.32	-0.28	59.8	-0.46
2008-06-01	-0.15	-1.17	-0.76	-1.18	-0.58	1.40	-0.39	-0.06	56.4	-0.79
2008-07-01	-0.24	-1.76	-0.85	-1.40	-0.59	2.03	-0.58	-0.35	61.2	-1.25
2008-08-01	-0.19	-2.08	-0.85	-1.67	-0.65	1.47	-0.86	-0.38	63.0	-1.65
2008-09-01	-0.31	-3.58	-0.89	-2.47	-0.90	2.86	-1.77	-0.60	70.3	-2.07
2008-10-01	-0.34	-1.90	-0.83	-2.52	-0.91	5.93	-0.26	-0.40	57.6	-2.74
2008-11-01	-0.30	-3.51	-0.83	-3.00	-1.34	5.16	-1.10	-0.77	55.3	-2.96
2008-12-01	-0.39	-4.14	-0.82	-3.18	-1.45	4.83	-1.83	-0.47	60.1	-2.85
2009-01-01	-0.31	-4.55	-0.87	-4.07	-1.76	4.83	-1.66	-0.83	61.2	-3.10
2009-02-01	-0.39	-2.37	-0.80	-3.68	-1.37	4.31	-0.52	-0.08	56.3	-2.68
2009-03-01	-0.42	-3.58	-0.81	-3.50	-1.57	4.12	-1.01	-0.58	57.3	-2.10
2009-04-01	-0.39	-2.58	-0.78	-2.84	-1.28	3.57	-0.58	-0.33	65.1	-1.68
2009-05-01	-0.32	-2.16	-0.82	-2.77	-0.88	2.56	-0.75	-0.22	68.7	-1.16
2009-06-01	-0.33	-1.63	-0.71	-2.12	-0.77	1.43	-0.36	-0.16	70.8	-0.79
2009-07-01	-0.27	-0.10	-0.45	-1.30	-0.56	1.40	0.49	0.24	66.0	-0.19
2009-08-01	-0.17	-0.48	-0.23	-0.74	-0.49	0.87	0.38	-0.19	65.7	0.18
2009-09-01	-0.51	-0.55	-0.08	-0.38	-0.43	0.57	0.28	0.11	73.5	0.62
2009-10-01	-0.30	-0.64	-0.09	-0.56	-0.51	0.52	0.09	0.09	70.6	0.96
2009-11-01	-0.29	-0.07	-0.05	-0.42	-0.06	0.50	0.20	0.08	67.4	1.06
2009-12-01	-0.27	-0.66	-0.01	-0.46	-0.42	0.28	0.01	0.02	72.5	1.24
2010-01-01	-0.33	0.19	0.00	-0.18	0.02	0.48	0.48	0.01	74.4	1.15
2010-02-01	-0.28	-0.63	-0.12	-0.37	-0.32	0.13	-0.11	0.08	73.6	1.52
2010-03-01	-0.18	0.56	0.04	0.04	0.10	-0.26	0.43	0.21	73.6	1.48
2010-04-01	-0.25	0.57	0.17	0.17	0.37	-0.24	0.28	0.17	72.2	1.09
2010-05-01	-0.30	0.54	0.35	0.55	0.10	0.38	0.77	-0.03	73.6	1.10
2010-06-01	-0.32	-0.25	0.21	0.28	-0.11	0.34	0.01	0.17	76.0	0.94
2010-07-01	-0.32	0.34	0.16	0.21	0.10	0.36	0.29	0.28	67.8	0.99
2010-08-01	-0.26	-0.24	0.07	-0.05	-0.05	-0.05	0.03	0.03	68.9	1.05
2010-09-01	-0.29	-0.29	0.04	-0.06	-0.07	-0.09	-0.01	0.09	68.2	1.34
2010-10-01	-0.27	-0.24	-0.06	-0.26	0.16	0.06	-0.07	-0.06	67.7	1.18
2010-11-01	-0.30	-0.22	-0.02	-0.25	-0.04	-0.11	0.01	0.11	71.6	1.13
2010-12-01	-0.34	0.07	0.06	-0.13	0.07	-0.29	0.29	0.05	74.5	1.28
2011-01-01	-0.28	0.04	0.08	-0.04	0.05	-0.31	0.06	0.21	74.2	1.35
2011-02-01	-0.35	-0.51	-0.01	-0.13	0.28	-0.51	-0.14	-0.30	77.5	1.43
2011-03-01	-0.29	0.63	0.16	0.05	0.21	-0.36	0.32	0.39	67.5	1.36
2011-04-01	-0.33	-0.72	0.04	-0.20	0.12	-0.51	-0.33	-0.18	69.8	1.31
2011-05-01	-0.34	-0.25	0.13	-0.11	0.06	-0.55	0.10	-0.07	74.3	1.11
2011-06-01	-0.27	-0.11	-0.07	-0.36	0.03	-0.31	0.01	0.13	71.5	1.44
2011-07-01	-0.27	0.39	0.18	0.01	0.24	-0.19	0.32	0.10	63.7	1.47
2011-08-01	-0.33	-0.14	0.20	0.04	-0.02	0.45	0.07	0.13	55.8	1.66
2011-09-01	-0.25	-0.31	0.17	-0.02	0.22	0.48	-0.02	-0.25	59.5	1.53
2011-10-01	-0.23	0.10	0.12	-0.11	0.08	0.56	0.10	0.15	60.8	1.65
2011-11-01	-0.24	-0.36	0.01	-0.19	0.10	0.36	-0.16	-0.05	63.7	1.74
2011-12-01	-0.27	0.34	0.15	0.03	0.26	0.27	0.22	0.14	69.9	1.68
2012-01-01	-0.22	0.52	0.19	0.17	0.43	0.15	0.38	-0.07	75.0	1.64
2012-02-01	-0.20	0.05	0.39	0.31	0.07	-0.07	0.16	0.02	75.3	1.47
2012-03-01	-0.24	-0.33	0.21	0.08	0.27	-0.23	-0.30	-0.06	76.2	1.68
2012-04-01	-0.22	0.07	0.13	-0.07	-0.08	-0.19	0.37	0.01	76.4	1.42
2012-05-01	-0.25	-0.15	-0.01	-0.14	0.04	-0.07	-0.02	0.08	79.3	1.37
2012-06-01	-0.27	-0.45	-0.03	-0.18	0.02	-0.08	-0.03	-0.17	73.2	1.26
2012-07-01	-0.18	0.08	-0.02	-0.17	0.01	-0.12	0.10	0.16	72.3	1.20
2012-08-01	-0.23	-0.88	-0.22	-0.42	-0.03	-0.38	-0.41	-0.22	74.3	1.26
2012-09-01	-0.15	0.07	-0.19	-0.24	0.12	-0.47	0.01	0.09	78.3	1.24
2012-10-01	-0.21	-0.35	-0.30	-0.39	0.18	-0.39	-0.22	-0.10	82.6	1.70
2012-11-01	-0.16	0.58	0.04	0.10	0.00	-0.54	0.52	0.22	82.7	1.78
2012-12-01	-0.14	0.13	0.09	0.12	0.10	-0.56	0.19	-0.02	72.9	1.63
2013-01-01	-0.18	-0.50	0.03	0.07	0.10	-0.51	-0.33	-0.10	73.8	1.58
2013-02-01	-0.14	0.49	0.06	0.04	0.30	-0.67	0.29	0.04	77.6	1.45
2013-03-01	-0.14	-0.26	-0.01	-0.09	0.03	-0.65	0.08	-0.22	78.6	1.37
2013-04-01	-0.16	-0.34	0.02	-0.04	-0.04	-0.62	-0.20	0.07	76.4	1.41
2013-05-01	-0.15	0.00	-0.07	-0.20	0.03	-0.64	-0.05	0.17	84.5	1.74
2013-06-01	-0.19	-0.12	0.03	-0.16	0.09	-0.49	0.02	-0.05	84.1	1.56
2013-07-01	-0.16	-0.40	-0.01	-0.17	0.01	-0.70	-0.24	-0.01	85.1	1.93
2013-08-01	-0.16	0.22	0.02	-0.10	0.07	-0.84	0.28	0.03	82.1	1.53
2013-09-01	-0.17	0.27	0.08	0.03	0.06	-0.79	0.22	0.15	77.5	1.56
2013-10-01	-0.13	0.07	0.31	0.18	0.01	-0.83	0.07	0.11	73.2	1.56
2013-11-01	-0.08	0.66	0.42	0.33	0.38	-0.91	0.15	0.21		1.30
2013-12-01	-0.17	-0.21	0.21	0.17	0.02	-1.02	0.05	-0.10		1.23
2014-01-01	-0.21	-0.74	-0.07	-0.09	0.11	-0.89	-0.40	-0.23		1.23
2014-02-01	-0.17	0.53	-0.14	-0.14	0.07	-0.87	0.54	0.08		1.14
2014-03-01	-0.13	0.20	0.04	0.00	0.14	-0.82	0.21	-0.02		1.12
2014-04-01						-0.80				
